expl
0
6.66829E-07
1.33366E-06
2.00049E-06
2.66732E-06
3.33415E-06
4.00098E-06
4.66781E-06
5.33463E-06
6.00146E-06
6.66829E-06
7.33512E-06
8.00195E-06
8.66878E-06
9.33561E-06
1.00024E-05
1.06693E-05
1.13361E-05
1.20029E-05
1.26698E-05
1.33366E-05
1.40034E-05
1.46702E-05
1.53371E-05
1.60039E-05
1.66707E-05
1.73376E-05
1.80044E-05
1.86712E-05
1.93381E-05
2.00049E-05
2.06717E-05
2.13385E-05
2.20054E-05
2.26722E-05
2.3339E-05
2.40059E-05
2.46727E-05
2.53395E-05
2.60063E-05
2.66732E-05
2.734E-05
2.80068E-05
2.86737E-05
2.93405E-05
3.00073E-05
3.06741E-05
3.1341E-05
3.20078E-05
3.26746E-05
3.33415E-05
3.40083E-05
3.46751E-05
3.5342E-05
3.60088E-05
3.66756E-05
3.73424E-05
3.80093E-05
3.86761E-05
3.93429E-05
4.00098E-05
4.06766E-05
4.13434E-05
4.20103E-05
4.26771E-05
4.33439E-05
4.40108E-05
4.46776E-05
4.53444E-05
4.60112E-05
4.66781E-05
4.73449E-05
4.80117E-05
4.86786E-05
4.93454E-05
5.00122E-05
5.06791E-05
5.13459E-05
5.20127E-05
5.26796E-05
5.33464E-05
5.40132E-05
5.468E-05
5.53469E-05
5.60137E-05
5.66805E-05
5.73474E-05
5.80142E-05
5.8681E-05
5.93479E-05
6.00147E-05
6.06815E-05
6.13483E-05
6.20152E-05
6.2682E-05
6.33488E-05
6.40157E-05
6.46825E-05
6.53493E-05
6.60161E-05
6.6683E-05
6.73498E-05
6.80166E-05
6.86834E-05
6.93503E-05
7.00171E-05
7.06839E-05
7.13508E-05
7.20176E-05
7.26844E-05
7.33512E-05
7.40181E-05
7.46849E-05
7.53517E-05
7.60185E-05
7.66854E-05
7.73522E-05
7.8019E-05
7.86859E-05
7.93527E-05
8.00195E-05
8.06863E-05
8.13532E-05
8.202E-05
8.26868E-05
8.33536E-05
8.40205E-05
8.46873E-05
8.53541E-05
8.60209E-05
8.66878E-05
8.73546E-05
8.80214E-05
8.86883E-05
8.93551E-05
9.00219E-05
9.06887E-05
9.13556E-05
9.20224E-05
9.26892E-05
9.3356E-05
9.40229E-05
9.46897E-05
9.53565E-05
9.60234E-05
9.66902E-05
9.7357E-05
9.80238E-05
9.86907E-05
9.93575E-05
0.000100024
0.000100691
0.000101358
0.000102025
0.000102692
0.000103358
0.000104025
0.000104692
0.000105359
0.000106026
0.000106693
0.000107359
0.000108026
0.000108693
0.00010936
0.000110027
0.000110694
0.00011136
0.000112027
0.000112694
0.000113361
0.000114028
0.000114695
0.000115361
0.000116028
0.000116695
0.000117362
0.000118029
0.000118695
0.000119362
0.000120029
0.000120696
0.000121363
0.00012203
0.000122696
0.000123363
0.00012403
0.000124697
0.000125364
0.000126031
0.000126697
0.000127364
0.000128031
0.000128698
0.000129365
0.000130032
0.000130698
0.000131365
0.000132032
0.000132699
0.000133366
0.000134032
0.000134699
0.000135366
0.000136033
0.0001367
0.000137367
0.000138033
0.0001387
0.000139367
0.000140034
0.000140701
0.000141368
0.000142034
0.000142701
0.000143368
0.000144035
0.000144702
0.000145369
0.000146035
0.000146702
0.000147369
0.000148036
0.000148703
0.00014937
0.000150036
0.000150703
0.00015137
0.000152037
0.000152704
0.00015337
0.000154037
0.000154704
0.000155371
0.000156038
0.000156705
0.000157371
0.000158038
0.000158705
0.000159372
0.000160039
0.000160706
0.000161372
0.000162039
0.000162706
0.000163373
0.00016404
0.000164707
0.000165373
0.00016604
0.000166707
0.000167374
0.000168041
0.000168707
0.000169374
0.000170041
0.000170708
0.000171375
0.000172042
0.000172708
0.000173375
0.000174042
0.000174709
0.000175376
0.000176043
0.000176709
0.000177376
0.000178043
0.00017871
0.000179377
0.000180044
0.00018071
0.000181377
0.000182044
0.000182711
0.000183378
0.000184045
0.000184711
0.000185378
0.000186045
0.000186712
0.000187379
0.000188045
0.000188712
0.000189379
0.000190046
0.000190713
0.00019138
0.000192046
0.000192713
0.00019338
0.000194047
0.000194714
0.000195381
0.000196047
0.000196714
0.000197381
0.000198048
0.000198715
0.000199382
0.000200048
0.000200715
0.000201382
0.000202049
0.000202716
0.000203383
0.000204049
0.000204716
0.000205383
0.00020605
0.000206717
0.000207383
0.00020805
0.000208717
0.000209384
0.000210051
0.000210718
0.000211384
0.000212051
0.000212718
0.000213385
0.000214052
0.000214719
0.000215385
0.000216052
0.000216719
0.000217386
0.000218053
0.00021872
0.000219386
0.000220053
0.00022072
0.000221387
0.000222054
0.00022272
0.000223387
0.000224054
0.000224721
0.000225388
0.000226055
0.000226721
0.000227388
0.000228055
0.000228722
0.000229389
0.000230056
0.000230722
0.000231389
0.000232056
0.000232723
0.00023339
0.000234057
0.000234723
0.00023539
0.000236057
0.000236724
0.000237391
0.000238058
0.000238724
0.000239391
0.000240058
0.000240725
0.000241392
0.000242058
0.000242725
0.000243392
0.000244059
0.000244726
0.000245393
0.000246059
0.000246726
0.000247393
0.00024806
0.000248727
0.000249394
0.00025006
0.000250727
0.000251394
0.000252061
0.000252728
0.000253395
0.000254061
0.000254728
0.000255395
0.000256062
0.000256729
0.000257395
0.000258062
0.000258729
0.000259396
0.000260063
0.00026073
0.000261396
0.000262063
0.00026273
0.000263397
0.000264064
0.000264731
0.000265397
0.000266064
0.000266731
0.000267398
0.000268065
0.000268732
0.000269398
0.000270065
0.000270732
0.000271399
0.000272066
0.000272733
0.000273399
0.000274066
0.000274733
0.0002754
0.000276067
0.000276733
0.0002774
0.000278067
0.000278734
0.000279401
0.000280068
0.000280734
0.000281401
0.000282068
0.000282735
0.000283402
0.000284069
0.000284735
0.000285402
0.000286069
0.000286736
0.000287403
0.00028807
0.000288736
0.000289403
0.00029007
0.000290737
0.000291404
0.000292071
0.000292737
0.000293404
0.000294071
0.000294738
0.000295405
0.000296071
0.000296738
0.000297405
0.000298072
0.000298739
0.000299406
0.000300072
0.000300739
0.000301406
0.000302073
0.00030274
0.000303407
0.000304073
0.00030474
0.000305407
0.000306074
0.000306741
0.000307408
0.000308074
0.000308741
0.000309408
0.000310075
0.000310742
0.000311408
0.000312075
0.000312742
0.000313409
0.000314076
0.000314743
0.000315409
0.000316076
0.000316743
0.00031741
0.000318077
0.000318744
0.00031941
0.000320077
0.000320744
0.000321411
0.000322078
0.000322745
0.000323411
0.000324078
0.000324745
0.000325412
0.000326079
0.000326746
0.000327412
0.000328079
0.000328746
0.000329413
0.00033008
0.000330746
0.000331413
0.00033208
0.000332747
0.000333414
0.000334081
0.000334747
0.000335414
0.000336081
0.000336748
0.000337415
0.000338082
0.000338748
0.000339415
0.000340082
0.000340749
0.000341416
0.000342083
0.000342749
0.000343416
0.000344083
0.00034475
0.000345417
0.000346083
0.00034675
0.000347417
0.000348084
0.000348751
0.000349418
0.000350084
0.000350751
0.000351418
0.000352085
0.000352752
0.000353419
0.000354085
0.000354752
0.000355419
0.000356086
0.000356753
0.00035742
0.000358086
0.000358753
0.00035942
0.000360087
0.000360754
0.000361421
0.000362087
0.000362754
0.000363421
0.000364088
0.000364755
0.000365421
0.000366088
0.000366755
0.000367422
0.000368089
0.000368756
0.000369422
0.000370089
0.000370756
0.000371423
0.00037209
0.000372757
0.000373423
0.00037409
0.000374757
0.000375424
0.000376091
0.000376758
0.000377424
0.000378091
0.000378758
0.000379425
0.000380092
0.000380758
0.000381425
0.000382092
0.000382759
0.000383426
0.000384093
0.000384759
0.000385426
0.000386093
0.00038676
0.000387427
0.000388094
0.00038876
0.000389427
0.000390094
0.000390761
0.000391428
0.000392095
0.000392761
0.000393428
0.000394095
0.000394762
0.000395429
0.000396096
0.000396762
0.000397429
0.000398096
0.000398763
0.00039943
0.000400096
0.000400763
0.00040143
0.000402097
0.000402764
0.000403431
0.000404097
0.000404764
0.000405431
0.000406098
0.000406765
0.000407432
0.000408098
0.000408765
0.000409432
0.000410099
0.000410766
0.000411433
0.000412099
0.000412766
0.000413433
0.0004141
0.000414767
0.000415433
0.0004161
0.000416767
0.000417434
0.000418101
0.000418768
0.000419434
0.000420101
0.000420768
0.000421435
0.000422102
0.000422769
0.000423435
0.000424102
0.000424769
0.000425436
0.000426103
0.00042677
0.000427436
0.000428103
0.00042877
0.000429437
0.000430104
0.000430771
0.000431437
0.000432104
0.000432771
0.000433438
0.000434105
0.000434771
0.000435438
0.000436105
0.000436772
0.000437439
0.000438106
0.000438772
0.000439439
0.000440106
0.000440773
0.00044144
0.000442107
0.000442773
0.00044344
0.000444107
0.000444774
0.000445441
0.000446108
0.000446774
0.000447441
0.000448108
0.000448775
0.000449442
0.000450108
0.000450775
0.000451442
0.000452109
0.000452776
0.000453443
0.000454109
0.000454776
0.000455443
0.00045611
0.000456777
0.000457444
0.00045811
0.000458777
0.000459444
0.000460111
0.000460778
0.000461445
0.000462111
0.000462778
0.000463445
0.000464112
0.000464779
0.000465446
0.000466112
0.000466779
0.000467446
0.000468113
0.00046878
0.000469446
0.000470113
0.00047078
0.000471447
0.000472114
0.000472781
0.000473447
0.000474114
0.000474781
0.000475448
0.000476115
0.000476782
0.000477448
0.000478115
0.000478782
0.000479449
0.000480116
0.000480783
0.000481449
0.000482116
0.000482783
0.00048345
0.000484117
0.000484783
0.00048545
0.000486117
0.000486784
0.000487451
0.000488118
0.000488784
0.000489451
0.000490118
0.000490785
0.000491452
0.000492119
0.000492785
0.000493452
0.000494119
0.000494786
0.000495453
0.00049612
0.000496786
0.000497453
0.00049812
0.000498787
0.000499454
0.000500121
0.000500787
0.000501454
0.000502121
0.000502788
0.000503455
0.000504121
0.000504788
0.000505455
0.000506122
0.000506789
0.000507456
0.000508122
0.000508789
0.000509456
0.000510123
0.00051079
0.000511457
0.000512123
0.00051279
0.000513457
0.000514124
0.000514791
0.000515458
0.000516124
0.000516791
0.000517458
0.000518125
0.000518792
0.000519458
0.000520125
0.000520792
0.000521459
0.000522126
0.000522793
0.000523459
0.000524126
0.000524793
0.00052546
0.000526127
0.000526794
0.00052746
0.000528127
0.000528794
0.000529461
0.000530128
0.000530795
0.000531461
0.000532128
0.000532795
0.000533462
0.000534129
0.000534796
0.000535462
0.000536129
0.000536796
0.000537463
0.00053813
0.000538796
0.000539463
0.00054013
0.000540797
0.000541464
0.000542131
0.000542797
0.000543464
0.000544131
0.000544798
0.000545465
0.000546132
0.000546798
0.000547465
0.000548132
0.000548799
0.000549466
0.000550133
0.000550799
0.000551466
0.000552133
0.0005528
0.000553467
0.000554133
0.0005548
0.000555467
0.000556134
0.000556801
0.000557468
0.000558134
0.000558801
0.000559468
0.000560135
0.000560802
0.000561469
0.000562135
0.000562802
0.000563469
0.000564136
0.000564803
0.00056547
0.000566136
0.000566803
0.00056747
0.000568137
0.000568804
0.000569471
0.000570137
0.000570804
0.000571471
0.000572138
0.000572805
0.000573471
0.000574138
0.000574805
0.000575472
0.000576139
0.000576806
0.000577472
0.000578139
0.000578806
0.000579473
0.00058014
0.000580807
0.000581473
0.00058214
0.000582807
0.000583474
0.000584141
0.000584808
0.000585474
0.000586141
0.000586808
0.000587475
0.000588142
0.000588808
0.000589475
0.000590142
0.000590809
0.000591476
0.000592143
0.000592809
0.000593476
0.000594143
0.00059481
0.000595477
0.000596144
0.00059681
0.000597477
0.000598144
0.000598811
0.000599478
0.000600145
0.000600811
0.000601478
0.000602145
0.000602812
0.000603479
0.000604146
0.000604812
0.000605479
0.000606146
0.000606813
0.00060748
0.000608146
0.000608813
0.00060948
0.000610147
0.000610814
0.000611481
0.000612147
0.000612814
0.000613481
0.000614148
0.000614815
0.000615482
0.000616148
0.000616815
0.000617482
0.000618149
0.000618816
0.000619483
0.000620149
0.000620816
0.000621483
0.00062215
0.000622817
0.000623484
0.00062415
0.000624817
0.000625484
0.000626151
0.000626818
0.000627484
0.000628151
0.000628818
0.000629485
0.000630152
0.000630819
0.000631485
0.000632152
0.000632819
0.000633486
0.000634153
0.00063482
0.000635486
0.000636153
0.00063682
0.000637487
0.000638154
0.000638821
0.000639487
0.000640154
0.000640821
0.000641488
0.000642155
0.000642821
0.000643488
0.000644155
0.000644822
0.000645489
0.000646156
0.000646822
0.000647489
0.000648156
0.000648823
0.00064949
0.000650157
0.000650823
0.00065149
0.000652157
0.000652824
0.000653491
0.000654158
0.000654824
0.000655491
0.000656158
0.000656825
0.000657492
0.000658159
0.000658825
0.000659492
0.000660159
0.000660826
0.000661493
0.000662159
0.000662826
0.000663493
0.00066416
0.000664827
0.000665494
0.00066616
0.000666827
0.000667494
0.000668161
0.000668828
0.000669495
0.000670161
0.000670828
0.000671495
0.000672162
0.000672829
0.000673496
0.000674162
0.000674829
0.000675496
0.000676163
0.00067683
0.000677496
0.000678163
0.00067883
0.000679497
0.000680164
0.000680831
0.000681497
0.000682164
0.000682831
0.000683498
0.000684165
0.000684832
0.000685498
0.000686165
0.000686832
0.000687499
0.000688166
0.000688833
0.000689499
0.000690166
0.000690833
0.0006915
0.000692167
0.000692834
0.0006935
0.000694167
0.000694834
0.000695501
0.000696168
0.000696834
0.000697501
0.000698168
0.000698835
0.000699502
0.000700169
0.000700835
0.000701502
0.000702169
0.000702836
0.000703503
0.00070417
0.000704836
0.000705503
0.00070617
0.000706837
0.000707504
0.000708171
0.000708837
0.000709504
0.000710171
0.000710838
0.000711505
0.000712171
0.000712838
0.000713505
0.000714172
0.000714839
0.000715506
0.000716172
0.000716839
0.000717506
0.000718173
0.00071884
0.000719507
0.000720173
0.00072084
0.000721507
0.000722174
0.000722841
0.000723508
0.000724174
0.000724841
0.000725508
0.000726175
0.000726842
0.000727509
0.000728175
0.000728842
0.000729509
0.000730176
0.000730843
0.000731509
0.000732176
0.000732843
0.00073351
0.000734177
0.000734844
0.00073551
0.000736177
0.000736844
0.000737511
0.000738178
0.000738845
0.000739511
0.000740178
0.000740845
0.000741512
0.000742179
0.000742846
0.000743512
0.000744179
0.000744846
0.000745513
0.00074618
0.000746846
0.000747513
0.00074818
0.000748847
0.000749514
0.000750181
0.000750847
0.000751514
0.000752181
0.000752848
0.000753515
0.000754182
0.000754848
0.000755515
0.000756182
0.000756849
0.000757516
0.000758183
0.000758849
0.000759516
0.000760183
0.00076085
0.000761517
0.000762184
0.00076285
0.000763517
0.000764184
0.000764851
0.000765518
0.000766184
0.000766851
0.000767518
0.000768185
0.000768852
0.000769519
0.000770185
0.000770852
0.000771519
0.000772186
0.000772853
0.00077352
0.000774186
0.000774853
0.00077552
0.000776187
0.000776854
0.000777521
0.000778187
0.000778854
0.000779521
0.000780188
0.000780855
0.000781521
0.000782188
0.000782855
0.000783522
0.000784189
0.000784856
0.000785522
0.000786189
0.000786856
0.000787523
0.00078819
0.000788857
0.000789523
0.00079019
0.000790857
0.000791524
0.000792191
0.000792858
0.000793524
0.000794191
0.000794858
0.000795525
0.000796192
0.000796859
0.000797525
0.000798192
0.000798859
0.000799526
0.000800193
0.000800859
0.000801526
0.000802193
0.00080286
0.000803527
0.000804194
0.00080486
0.000805527
0.000806194
0.000806861
0.000807528
0.000808195
0.000808861
0.000809528
0.000810195
0.000810862
0.000811529
0.000812196
0.000812862
0.000813529
0.000814196
0.000814863
0.00081553
0.000816196
0.000816863
0.00081753
0.000818197
0.000818864
0.000819531
0.000820197
0.000820864
0.000821531
0.000822198
0.000822865
0.000823532
0.000824198
0.000824865
0.000825532
0.000826199
0.000826866
0.000827533
0.000828199
0.000828866
0.000829533
0.0008302
0.000830867
0.000831534
0.0008322
0.000832867
0.000833534
0.000834201
0.000834868
0.000835534
0.000836201
0.000836868
0.000837535
0.000838202
0.000838869
0.000839535
0.000840202
0.000840869
0.000841536
0.000842203
0.00084287
0.000843536
0.000844203
0.00084487
0.000845537
0.000846204
0.000846871
0.000847537
0.000848204
0.000848871
0.000849538
0.000850205
0.000850871
0.000851538
0.000852205
0.000852872
0.000853539
0.000854206
0.000854872
0.000855539
0.000856206
0.000856873
0.00085754
0.000858207
0.000858873
0.00085954
0.000860207
0.000860874
0.000861541
0.000862208
0.000862874
0.000863541
0.000864208
0.000864875
0.000865542
0.000866209
0.000866875
0.000867542
0.000868209
0.000868876
0.000869543
0.000870209
0.000870876
0.000871543
0.00087221
0.000872877
0.000873544
0.00087421
0.000874877
0.000875544
0.000876211
0.000876878
0.000877545
0.000878211
0.000878878
0.000879545
0.000880212
0.000880879
0.000881546
0.000882212
0.000882879
0.000883546
0.000884213
0.00088488
0.000885546
0.000886213
0.00088688
0.000887547
0.000888214
0.000888881
0.000889547
0.000890214
0.000890881
0.000891548
0.000892215
0.000892882
0.000893548
0.000894215
0.000894882
0.000895549
0.000896216
0.000896883
0.000897549
0.000898216
0.000898883
0.00089955
0.000900217
0.000900884
0.00090155
0.000902217
0.000902884
0.000903551
0.000904218
0.000904884
0.000905551
0.000906218
0.000906885
0.000907552
0.000908219
0.000908885
0.000909552
0.000910219
0.000910886
0.000911553
0.00091222
0.000912886
0.000913553
0.00091422
0.000914887
0.000915554
0.000916221
0.000916887
0.000917554
0.000918221
0.000918888
0.000919555
0.000920222
0.000920888
0.000921555
0.000922222
0.000922889
0.000923556
0.000924222
0.000924889
0.000925556
0.000926223
0.00092689
0.000927557
0.000928223
0.00092889
0.000929557
0.000930224
0.000930891
0.000931558
0.000932224
0.000932891
0.000933558
0.000934225
0.000934892
0.000935559
0.000936225
0.000936892
0.000937559
0.000938226
0.000938893
0.000939559
0.000940226
0.000940893
0.00094156
0.000942227
0.000942894
0.00094356
0.000944227
0.000944894
0.000945561
0.000946228
0.000946895
0.000947561
0.000948228
0.000948895
0.000949562
0.000950229
0.000950896
0.000951562
0.000952229
0.000952896
0.000953563
0.00095423
0.000954897
0.000955563
0.00095623
0.000956897
0.000957564
0.000958231
0.000958897
0.000959564
0.000960231
0.000960898
0.000961565
0.000962232
0.000962898
0.000963565
0.000964232
0.000964899
0.000965566
0.000966233
0.000966899
0.000967566
0.000968233
0.0009689
0.000969567
0.000970234
0.0009709
0.000971567
0.000972234
0.000972901
0.000973568
0.000974234
0.000974901
0.000975568
0.000976235
0.000976902
0.000977569
0.000978236
0.000978902
0.000979569
0.000980236
0.000980903
0.00098157
0.000982236
0.000982903
0.00098357
0.000984237
0.000984904
0.000985571
0.000986237
0.000986904
0.000987571
0.000988238
0.000988905
0.000989572
0.000990238
0.000990905
0.000991572
0.000992239
0.000992906
0.000993573
0.000994235
0.000994893
0.000995547
0.000996196
0.000996841
0.000997482
0.000998118
0.00099875
0.000999377
0.001

0
-1.3279E-06
-5.3114E-06
-1.195E-05
-2.12428E-05
-3.31888E-05
-4.77866E-05
-6.50345E-05
-8.49305E-05
-0.000107473
-0.000132658
-0.000160484
-0.000190948
-0.000224046
-0.000259775
-0.000298131
-0.00033911
-0.000382707
-0.000428917
-0.000477737
-0.000529159
-0.000583179
-0.00063979
-0.000698986
-0.000760761
-0.000825107
-0.000892018
-0.000961486
-0.0010335
-0.00110806
-0.00118515
-0.00126477
-0.0013469
-0.00143154
-0.00151868
-0.00160831
-0.00170041
-0.00179498
-0.00189201
-0.00199149
-0.0020934
-0.00219774
-0.00230449
-0.00241364
-0.00252518
-0.0026391
-0.00275538
-0.00287401
-0.00299499
-0.00311828
-0.00324389
-0.0033718
-0.00350199
-0.00363445
-0.00376916
-0.00390611
-0.00404529
-0.00418668
-0.00433026
-0.00447601
-0.00462394
-0.004774
-0.0049262
-0.0050805
-0.00523691
-0.00539539
-0.00555593
-0.00571852
-0.00588314
-0.00604976
-0.00621838
-0.00638897
-0.00656151
-0.006736
-0.00691241
-0.00709073
-0.00727094
-0.00745302
-0.00763696
-0.00782274
-0.00801034
-0.00819975
-0.00839095
-0.00858393
-0.00877866
-0.00897514
-0.00917335
-0.00937326
-0.00957487
-0.00977815
-0.0099831
-0.0101897
-0.0103979
-0.0106077
-0.0108191
-0.0110321
-0.0112466
-0.0114627
-0.0116803
-0.0118993
-0.0121199
-0.0123419
-0.0125653
-0.0127902
-0.0130165
-0.0132441
-0.0134732
-0.0137035
-0.0139352
-0.0141681
-0.0144024
-0.0146379
-0.0148746
-0.0151125
-0.0153516
-0.0155918
-0.0158332
-0.0160757
-0.0163192
-0.0165638
-0.0168094
-0.0170561
-0.0173038
-0.0175524
-0.0178021
-0.0180528
-0.0183045
-0.0185572
-0.0188111
-0.0190661
-0.0193223
-0.0195798
-0.0198387
-0.0200991
-0.0203611
-0.0206247
-0.0208901
-0.0211573
-0.0214262
-0.021697
-0.0219694
-0.0222434
-0.0225188
-0.0227952
-0.0230723
-0.0233495
-0.0236265
-0.0239026
-0.0241771
-0.0244494
-0.0247187
-0.0249844
-0.0252458
-0.0255023
-0.0257536
-0.0259992
-0.0262389
-0.0264727
-0.0267007
-0.0269232
-0.0271407
-0.0273539
-0.0275634
-0.0277703
-0.0279754
-0.0281798
-0.0283845
-0.0285906
-0.028799
-0.0290108
-0.0292267
-0.0294476
-0.0296742
-0.0299071
-0.0301468
-0.0303937
-0.0306484
-0.0309111
-0.0311821
-0.0314617
-0.0317502
-0.0320476
-0.0323541
-0.0326698
-0.0329946
-0.0333284
-0.033671
-0.0340222
-0.0343814
-0.0347481
-0.0351218
-0.0355016
-0.0358869
-0.0362767
-0.0366703
-0.0370667
-0.037465
-0.0378646
-0.0382646
-0.0386644
-0.0390634
-0.039461
-0.0398568
-0.0402503
-0.0406414
-0.0410296
-0.0414147
-0.0417964
-0.0421746
-0.0425489
-0.0429192
-0.0432852
-0.0436466
-0.0440032
-0.0443546
-0.0447005
-0.0450407
-0.0453749
-0.0457028
-0.046024
-0.0463384
-0.0466456
-0.0469453
-0.0472375
-0.0475217
-0.0477979
-0.0480657
-0.048325
-0.0485756
-0.0488173
-0.04905
-0.0492734
-0.0494875
-0.0496921
-0.0498872
-0.0500726
-0.0502483
-0.0504143
-0.0505705
-0.0507171
-0.050854
-0.0509813
-0.051099
-0.0512072
-0.0513061
-0.0513956
-0.0514759
-0.0515471
-0.0516092
-0.0516624
-0.0517068
-0.0517425
-0.0517697
-0.0517885
-0.0517992
-0.0518019
-0.0517969
-0.0517845
-0.051765
-0.0517387
-0.0517059
-0.0516668
-0.0516218
-0.0515712
-0.0515152
-0.051454
-0.0513878
-0.0513167
-0.051241
-0.0511607
-0.0510759
-0.0509867
-0.0508931
-0.0507952
-0.050693
-0.0505867
-0.0504762
-0.0503617
-0.0502432
-0.0501207
-0.0499944
-0.0498642
-0.0497304
-0.049593
-0.049452
-0.0493078
-0.0491602
-0.0490097
-0.0488563
-0.0487003
-0.0485419
-0.0483813
-0.048219
-0.0480551
-0.04789
-0.047724
-0.0475575
-0.0473906
-0.0472237
-0.0470571
-0.0468909
-0.0467255
-0.0465609
-0.0463975
-0.0462353
-0.0460744
-0.0459151
-0.0457575
-0.0456016
-0.0454475
-0.0452954
-0.0451453
-0.0449973
-0.0448515
-0.0447079
-0.0445667
-0.0444278
-0.0442915
-0.0441577
-0.0440267
-0.0438985
-0.0437734
-0.0436516
-0.0435332
-0.0434186
-0.0433078
-0.0432013
-0.0430991
-0.0430014
-0.0429084
-0.0428202
-0.0427367
-0.0426581
-0.0425841
-0.0425147
-0.0424499
-0.0423893
-0.042333
-0.0422808
-0.0422325
-0.0421882
-0.0421478
-0.0421112
-0.0420787
-0.0420502
-0.0420258
-0.0420057
-0.04199
-0.0419788
-0.0419722
-0.0419704
-0.0419733
-0.0419812
-0.041994
-0.042012
-0.042035
-0.0420633
-0.0420969
-0.0421359
-0.0421804
-0.0422305
-0.0422863
-0.0423478
-0.042415
-0.0424881
-0.0425669
-0.0426515
-0.0427418
-0.0428376
-0.042939
-0.0430459
-0.043158
-0.0432755
-0.0433982
-0.0435261
-0.0436591
-0.0437972
-0.0439405
-0.044089
-0.0442426
-0.0444014
-0.0445653
-0.0447344
-0.0449085
-0.0450876
-0.0452716
-0.0454604
-0.0456539
-0.0458519
-0.0460542
-0.0462608
-0.0464714
-0.046686
-0.0469044
-0.0471265
-0.0473524
-0.0475818
-0.0478148
-0.0480513
-0.0482914
-0.0485351
-0.0487824
-0.0490332
-0.0492875
-0.0495455
-0.0498069
-0.0500718
-0.0503401
-0.0506118
-0.0508868
-0.0511651
-0.0514466
-0.0517313
-0.0520192
-0.0523104
-0.0526046
-0.0529021
-0.0532026
-0.0535063
-0.053813
-0.0541226
-0.0544351
-0.0547503
-0.0550681
-0.0553882
-0.0557106
-0.0560351
-0.0563616
-0.0566899
-0.05702
-0.0573518
-0.0576853
-0.0580205
-0.0583575
-0.0586962
-0.0590368
-0.0593792
-0.0597235
-0.0600696
-0.0604175
-0.0607671
-0.0611183
-0.0614709
-0.0618248
-0.0621798
-0.0625357
-0.0628923
-0.0632494
-0.063607
-0.063965
-0.0643231
-0.0646814
-0.0650399
-0.0653984
-0.0657569
-0.0661154
-0.0664736
-0.0668316
-0.0671891
-0.0675459
-0.0679018
-0.0682567
-0.0686102
-0.0689622
-0.0693124
-0.0696606
-0.0700067
-0.0703506
-0.0706921
-0.0710312
-0.0713678
-0.071702
-0.0720337
-0.072363
-0.0726899
-0.0730146
-0.0733369
-0.0736571
-0.0739751
-0.074291
-0.0746049
-0.0749168
-0.0752267
-0.0755348
-0.075841
-0.0761456
-0.0764486
-0.0767501
-0.0770503
-0.0773492
-0.0776469
-0.0779435
-0.0782392
-0.0785337
-0.0788272
-0.0791196
-0.0794107
-0.0797004
-0.0799884
-0.0802746
-0.0805586
-0.0808402
-0.0811191
-0.081395
-0.0816674
-0.0819362
-0.0822008
-0.082461
-0.0827163
-0.0829664
-0.0832108
-0.0834491
-0.0836809
-0.0839057
-0.0841233
-0.0843331
-0.0845349
-0.0847283
-0.084913
-0.0850888
-0.0852556
-0.0854132
-0.0855617
-0.0857011
-0.0858314
-0.0859527
-0.0860653
-0.0861694
-0.0862651
-0.0863528
-0.0864325
-0.0865047
-0.0865696
-0.0866273
-0.0866782
-0.0867225
-0.0867605
-0.0867925
-0.0868187
-0.0868394
-0.0868551
-0.086866
-0.0868724
-0.0868747
-0.0868733
-0.0868683
-0.0868602
-0.086849
-0.0868351
-0.0868186
-0.0867995
-0.0867781
-0.0867544
-0.0867284
-0.0867001
-0.0866696
-0.086637
-0.0866021
-0.0865652
-0.0865261
-0.0864851
-0.0864421
-0.0863972
-0.0863504
-0.0863018
-0.0862513
-0.0861989
-0.0861446
-0.0860882
-0.0860296
-0.0859685
-0.0859049
-0.0858384
-0.0857689
-0.085696
-0.0856194
-0.0855389
-0.0854541
-0.0853648
-0.0852705
-0.0851709
-0.0850656
-0.0849543
-0.0848365
-0.0847119
-0.0845799
-0.0844402
-0.0842923
-0.0841359
-0.0839706
-0.0837961
-0.083612
-0.0834182
-0.0832143
-0.0830003
-0.082776
-0.0825413
-0.0822962
-0.0820406
-0.0817746
-0.0814981
-0.0812111
-0.0809139
-0.0806062
-0.0802883
-0.0799601
-0.0796217
-0.0792731
-0.0789144
-0.0785456
-0.0781667
-0.0777779
-0.0773792
-0.0769707
-0.0765525
-0.0761248
-0.0756879
-0.0752418
-0.0747868
-0.0743233
-0.0738514
-0.0733715
-0.0728838
-0.0723886
-0.0718862
-0.0713769
-0.0708608
-0.0703383
-0.0698095
-0.0692745
-0.0687336
-0.068187
-0.0676347
-0.067077
-0.066514
-0.0659458
-0.0653727
-0.0647949
-0.0642125
-0.0636258
-0.0630351
-0.0624406
-0.0618426
-0.0612415
-0.0606374
-0.0600307
-0.0594216
-0.0588103
-0.058197
-0.057582
-0.0569653
-0.056347
-0.0557273
-0.0551062
-0.0544837
-0.05386
-0.0532352
-0.0526093
-0.0519826
-0.0513553
-0.0507275
-0.0500996
-0.049472
-0.0488449
-0.0482187
-0.0475937
-0.0469704
-0.0463489
-0.0457296
-0.0451127
-0.0444983
-0.0438866
-0.0432776
-0.0426714
-0.0420679
-0.041467
-0.0408687
-0.0402729
-0.0396795
-0.0390884
-0.0384995
-0.0379127
-0.037328
-0.0367454
-0.0361648
-0.0355863
-0.0350097
-0.0344352
-0.0338626
-0.033292
-0.0327232
-0.0321563
-0.0315911
-0.0310275
-0.0304654
-0.0299046
-0.029345
-0.0287864
-0.0282288
-0.027672
-0.0271159
-0.0265605
-0.0260057
-0.0254514
-0.0248977
-0.0243446
-0.023792
-0.0232399
-0.0226884
-0.0221373
-0.0215867
-0.0210364
-0.0204863
-0.0199364
-0.0193865
-0.0188365
-0.0182861
-0.0177353
-0.017184
-0.0166321
-0.0160793
-0.0155258
-0.0149715
-0.0144163
-0.0138602
-0.0133034
-0.0127458
-0.0121874
-0.0116284
-0.0110688
-0.0105085
-0.00994772
-0.00938632
-0.00882433
-0.00826173
-0.00769845
-0.00713444
-0.00656962
-0.0060039
-0.00543716
-0.00486931
-0.00430023
-0.00372981
-0.00315792
-0.00258447
-0.00200936
-0.00143249
-0.000853799
-0.000273233
0.000309239
0.000893625
0.00147991
0.00206804
0.00265795
0.00324955
0.00384272
0.00443733
0.00503324
0.0056303
0.00622835
0.00682725
0.00742686
0.00802707
0.00862775
0.00922884
0.00983024
0.0104319
0.0110338
0.0116359
0.0122381
0.0128405
0.0134429
0.0140453
0.0146476
0.0152498
0.0158517
0.0164533
0.0170544
0.0176549
0.0182547
0.0188535
0.0194513
0.0200479
0.0206432
0.0212369
0.0218289
0.022419
0.023007
0.0235928
0.024176
0.0247564
0.0253339
0.0259081
0.0264787
0.0270454
0.0276081
0.0281663
0.0287198
0.0292683
0.0298115
0.0303492
0.0308811
0.0314069
0.0319265
0.0324395
0.0329458
0.0334452
0.0339375
0.0344225
0.0349001
0.0353703
0.0358328
0.0362878
0.0367351
0.0371749
0.037607
0.0380316
0.0384488
0.0388585
0.0392609
0.0396561
0.040044
0.0404246
0.0407981
0.0411643
0.0415231
0.0418745
0.0422184
0.0425546
0.0428829
0.0432033
0.0435155
0.0438194
0.0441147
0.0444014
0.0446791
0.0449479
0.0452075
0.0454576
0.0456982
0.0459291
0.04615
0.0463607
0.0465612
0.0467511
0.0469304
0.0470987
0.0472559
0.0474018
0.0475362
0.0476588
0.0477696
0.0478683
0.0479547
0.0480287
0.04809
0.0481385
0.048174
0.0481965
0.0482058
0.0482018
0.0481846
0.0481541
0.0481105
0.0480536
0.0479837
0.0479009
0.0478053
0.0476971
0.0475764
0.0474435
0.0472984
0.0471414
0.0469726
0.0467922
0.0466003
0.0463971
0.0461828
0.0459574
0.0457214
0.0454748
0.0452178
0.0449507
0.0446738
0.0443873
0.0440914
0.0437864
0.0434726
0.0431502
0.0428193
0.0424804
0.0421335
0.0417788
0.0414167
0.0410472
0.0406705
0.040287
0.0398966
0.0394997
0.0390964
0.0386869
0.0382713
0.0378498
0.0374225
0.0369894
0.0365507
0.0361065
0.0356567
0.0352013
0.0347403
0.0342737
0.0338012
0.0333228
0.0328382
0.0323473
0.0318499
0.0313457
0.0308345
0.030316
0.02979
0.0292562
0.0287144
0.0281645
0.0276063
0.0270396
0.0264642
0.0258802
0.0252874
0.0246858
0.0240753
0.023456
0.0228278
0.0221908
0.021545
0.0208905
0.0202273
0.0195556
0.0188756
0.0181873
0.0174911
0.0167871
0.0160756
0.0153569
0.0146314
0.0138994
0.0131613
0.0124174
0.0116681
0.0109139
0.0101552
0.00939223
0.00862549
0.00785532
0.00708209
0.00630615
0.00552787
0.00474759
0.00396566
0.00318243
0.00239824
0.00161345
0.000828382
4.33922E-05
-0.000741187
-0.00152503
-0.00230783
-0.00308927
-0.00386908
-0.00464699
-0.00542276
-0.00619614
-0.00696694
-0.00773495
-0.00849998
-0.00926188
-0.0100205
-0.0107756
-0.0115272
-0.0122751
-0.0130192
-0.0137594
-0.0144955
-0.0152277
-0.0159557
-0.0166796
-0.0173993
-0.0181148
-0.0188262
-0.0195334
-0.0202364
-0.0209353
-0.02163
-0.0223205
-0.0230068
-0.0236889
-0.0243667
-0.0250402
-0.0257093
-0.026374
-0.0270342
-0.02769
-0.0283412
-0.0289879
-0.02963
-0.0302676
-0.0309007
-0.0315293
-0.0321535
-0.0327734
-0.033389
-0.0340005
-0.034608
-0.0352116
-0.0358114
-0.0364077
-0.0370004
-0.0375899
-0.0381763
-0.0387597
-0.0393403
-0.0399183
-0.0404938
-0.0410669
-0.0416378
-0.0422066
-0.0427734
-0.0433383
-0.0439014
-0.0444628
-0.0450226
-0.0455808
-0.0461375
-0.0466927
-0.0472465
-0.047799
-0.0483501
-0.0488999
-0.0494484
-0.0499956
-0.0505416
-0.0510863
-0.0516298
-0.0521721
-0.052713
-0.0532526
-0.0537909
-0.0543277
-0.0548631
-0.0553969
-0.055929
-0.0564594
-0.0569879
-0.0575143
-0.0580386
-0.0585606
-0.05908
-0.0595968
-0.0601107
-0.0606216
-0.0611294
-0.0616339
-0.0621349
-0.0626323
-0.063126
-0.0636159
-0.0641019
-0.0645839
-0.0650617
-0.0655354
-0.0660048
-0.0664698
-0.0669305
-0.0673866
-0.0678382
-0.0682852
-0.0687274
-0.069165
-0.0695977
-0.0700255
-0.0704484
-0.0708663
-0.0712791
-0.0716867
-0.0720891
-0.0724862
-0.0728779
-0.0732641
-0.0736447
-0.0740196
-0.0743886
-0.0747518
-0.0751089
-0.07546
-0.0758049
-0.0761435
-0.0764758
-0.0768018
-0.0771213
-0.0774343
-0.0777407
-0.0780405
-0.0783337
-0.0786201
-0.0788998
-0.0791727
-0.0794388
-0.079698
-0.0799505
-0.0801962
-0.0804352
-0.0806677
-0.0808938
-0.0811135
-0.0813272
-0.081535
-0.0817371
-0.0819338
-0.0821251
-0.0823113
-0.0824926
-0.0826691
-0.0828409
-0.0830081
-0.0831708
-0.0833291
-0.0834828
-0.0836322
-0.0837772
-0.0839178
-0.0840539
-0.0841858
-0.0843133
-0.0844364
-0.0845553
-0.0846701
-0.0847807
-0.0848872
-0.0849898
-0.0850886
-0.0851836
-0.0852751
-0.0853632
-0.085448
-0.0855297
-0.0856085
-0.0856846
-0.0857582
-0.0858294
-0.0858986
-0.0859658
-0.0860313
-0.0860954
-0.0861582
-0.0862199
-0.0862808
-0.086341
-0.0864007
-0.0864602
-0.0865197
-0.0865793
-0.0866392
-0.0866996
-0.0867608
-0.0868229
-0.086886
-0.0869504
-0.0870162
-0.0870836
-0.0871527
-0.0872236
-0.0872965
-0.0873715
-0.0874486
-0.0875278
-0.0876093
-0.087693
-0.0877788
-0.0878669
-0.087957
-0.0880493
-0.0881436
-0.0882399
-0.0883381
-0.0884383
-0.0885403
-0.0886443
-0.08875
-0.0888577
-0.0889672
-0.0890785
-0.0891916
-0.0893064
-0.089423
-0.0895411
-0.0896608
-0.0897818
-0.089904
-0.0900273
-0.0901515
-0.0902764
-0.0904019
-0.0905277
-0.0906538
-0.0907799
-0.0909059
-0.0910318
-0.0911574
-0.0912826
-0.0914074
-0.0915316
-0.0916553
-0.0917783
-0.0919007
-0.0920223
-0.0921432
-0.0922633
-0.0923827
-0.0925013
-0.0926191
-0.0927361
-0.0928525
-0.0929682
-0.0930832
-0.0931977
-0.0933117
-0.0934252
-0.0935383
-0.0936509
-0.0937632
-0.093875
-0.0939865
-0.0940975
-0.0942079
-0.0943178
-0.094427
-0.0945353
-0.0946428
-0.0947492
-0.0948544
-0.0949583
-0.0950607
-0.0951614
-0.0952602
-0.095357
-0.0954515
-0.0955436
-0.0956329
-0.0957193
-0.0958025
-0.0958822
-0.0959581
-0.09603
-0.0960974
-0.0961601
-0.0962178
-0.0962701
-0.0963166
-0.0963571
-0.096391
-0.0964182
-0.0964382
-0.0964508
-0.0964556
-0.0964524
-0.0964408
-0.0964207
-0.0963919
-0.0963543
-0.0963077
-0.096252
-0.0961873
-0.0961136
-0.0960308
-0.0959391
-0.0958386
-0.0957293
-0.0956116
-0.0954854
-0.0953511
-0.0952088
-0.0950587
-0.094901
-0.094736
-0.0945638
-0.0943848
-0.094199
-0.0940067
-0.0938081
-0.0936035
-0.093393
-0.0931768
-0.0929552
-0.0927283
-0.0924964
-0.0922597
-0.0920183
-0.0917725
-0.0915224
-0.0912682
-0.0910101
-0.0907483
-0.0904828
-0.0902139
-0.0899417
-0.0896662
-0.0893875
-0.0891057
-0.088821
-0.0885334
-0.0882429
-0.0879496
-0.0876535
-0.0873549
-0.0870536
-0.0867499
-0.0864436
-0.086135
-0.0858239
-0.0855106
-0.0851949
-0.0848768
-0.0845565
-0.0842338
-0.0839088
-0.0835813
-0.0832514
-0.082919
-0.0825841
-0.0822466
-0.0819065
-0.0815637
-0.0812182
-0.0808701
-0.0805192
-0.0801656
-0.0798093
-0.0794502
-0.0790884
-0.0787239
-0.0783565
-0.0779865
-0.0776136
-0.0772378
-0.0768592
-0.0764776
-0.076093
-0.0757053
-0.0753145
-0.0749204
-0.074523
-0.0741222
-0.0737179
-0.07331
-0.0728986
-0.0724835
-0.0720647
-0.0716422
-0.071216
-0.0707862
-0.0703527
-0.0699156
-0.069475
-0.0690309
-0.0685836
-0.0681329
-0.0676792
-0.0672224
-0.0667628
-0.0663004
-0.0658354
-0.065368
-0.0648983
-0.0644264
-0.0639524
-0.0634765
-0.0629987
-0.0625193
-0.0620383
-0.0615558
-0.061072
-0.0605869
-0.0601007
-0.0596134
-0.0591253
-0.0586363
-0.0581467
-0.0576566
-0.0571662
-0.0566755
-0.0561848
-0.0556941
-0.0552037
-0.0547137
-0.0542243
-0.0537356
-0.0532477
-0.0527608
-0.052275
-0.0517905
-0.0513074
-0.0508257
-0.0503458
-0.0498675
-0.0493911
-0.0489167
-0.0484442
-0.0479738
-0.0475055
-0.0470393
-0.0465753
-0.0461133
-0.0456534
-0.0451956
-0.0447397
-0.0442857
-0.0438335
-0.043383
-0.0429343
-0.0424871
-0.0420415
-0.0415974
-0.0411548
-0.0407137
-0.0402739
-0.0398356
-0.0393987
-0.0389632
-0.0385289
-0.038096
-0.0376643
-0.0372337
-0.0368042
-0.0363756
-0.0359479
-0.0355209
-0.0350945
-0.0346685
-0.0342427
-0.0338171
-0.0333914
-0.0329655
-0.0325393
-0.0321126
-0.0316852
-0.0312569
-0.0308276
-0.0303971
-0.0299652
-0.0295317
-0.0290964
-0.028659
-0.0282193
-0.027777
-0.027332
-0.026884
-0.0264328
-0.025978
-0.0255197
-0.0250574
-0.0245912
-0.0241208
-0.0236461
-0.0231671
-0.0226837
-0.0221959
-0.0217036
-0.0212069
-0.0207058
-0.0202004
-0.0196908
-0.019177
-0.0186591
-0.0181374
-0.0176118
-0.0170825
-0.0165497
-0.0160135
-0.0154741
-0.0149314
-0.0143858
-0.0138372
-0.0132858
-0.0127317
-0.0121748
-0.0116153
-0.0110531
-0.0104883
-0.00992087
-0.00935081
-0.0087781
-0.00820275
-0.00762854
-0.00705553
-0.00648379
-0.00591338
-0.0053444
-0.00477691
-0.00421102
-0.00364682
-0.00308442
-0.0025239


impl
0
6.66829E-07
1.33366E-06
2.00049E-06
2.66732E-06
3.33415E-06
4.00098E-06
4.66781E-06
5.33463E-06
6.00146E-06
6.66829E-06
7.33512E-06
8.00195E-06
8.66878E-06
9.33561E-06
1.00024E-05
1.06693E-05
1.13361E-05
1.20029E-05
1.26698E-05
1.33366E-05
1.40034E-05
1.46702E-05
1.53371E-05
1.60039E-05
1.66707E-05
1.73376E-05
1.80044E-05
1.86712E-05
1.93381E-05
2.00049E-05
2.06717E-05
2.13385E-05
2.20054E-05
2.26722E-05
2.3339E-05
2.40059E-05
2.46727E-05
2.53395E-05
2.60063E-05
2.66732E-05
2.734E-05
2.80068E-05
2.86737E-05
2.93405E-05
3.00073E-05
3.06741E-05
3.1341E-05
3.20078E-05
3.26746E-05
3.33415E-05
3.40083E-05
3.46751E-05
3.5342E-05
3.60088E-05
3.66756E-05
3.73424E-05
3.80093E-05
3.86761E-05
3.93429E-05
4.00098E-05
4.06766E-05
4.13434E-05
4.20103E-05
4.26771E-05
4.33439E-05
4.40108E-05
4.46776E-05
4.53444E-05
4.60112E-05
4.66781E-05
4.73449E-05
4.80117E-05
4.86786E-05
4.93454E-05
5.00122E-05
5.06791E-05
5.13459E-05
5.20127E-05
5.26796E-05
5.33464E-05
5.40132E-05
5.468E-05
5.53469E-05
5.60137E-05
5.66805E-05
5.73474E-05
5.80142E-05
5.8681E-05
5.93479E-05
6.00147E-05
6.06815E-05
6.13483E-05
6.20152E-05
6.2682E-05
6.33488E-05
6.40157E-05
6.46825E-05
6.53493E-05
6.60161E-05
6.6683E-05
6.73498E-05
6.80166E-05
6.86834E-05
6.93503E-05
7.00171E-05
7.06839E-05
7.13508E-05
7.20176E-05
7.26844E-05
7.33512E-05
7.40181E-05
7.46849E-05
7.53517E-05
7.60185E-05
7.66854E-05
7.73522E-05
7.8019E-05
7.86859E-05
7.93527E-05
8.00195E-05
8.06863E-05
8.13532E-05
8.202E-05
8.26868E-05
8.33536E-05
8.40205E-05
8.46873E-05
8.53541E-05
8.60209E-05
8.66878E-05
8.73546E-05
8.80214E-05
8.86883E-05
8.93551E-05
9.00219E-05
9.06887E-05
9.13556E-05
9.20224E-05
9.26892E-05
9.3356E-05
9.40229E-05
9.46897E-05
9.53565E-05
9.60234E-05
9.66902E-05
9.7357E-05
9.80238E-05
9.86907E-05
9.93575E-05
0.000100024
0.000100691
0.000101358
0.000102025
0.000102692
0.000103358
0.000104025
0.000104692
0.000105359
0.000106026
0.000106693
0.000107359
0.000108026
0.000108693
0.00010936
0.000110027
0.000110694
0.00011136
0.000112027
0.000112694
0.000113361
0.000114028
0.000114695
0.000115361
0.000116028
0.000116695
0.000117362
0.000118029
0.000118695
0.000119362
0.000120029
0.000120696
0.000121363
0.00012203
0.000122696
0.000123363
0.00012403
0.000124697
0.000125364
0.000126031
0.000126697
0.000127364
0.000128031
0.000128698
0.000129365
0.000130032
0.000130698
0.000131365
0.000132032
0.000132699
0.000133366
0.000134032
0.000134699
0.000135366
0.000136033
0.0001367
0.000137367
0.000138033
0.0001387
0.000139367
0.000140034
0.000140701
0.000141368
0.000142034
0.000142701
0.000143368
0.000144035
0.000144702
0.000145369
0.000146035
0.000146702
0.000147369
0.000148036
0.000148703
0.00014937
0.000150036
0.000150703
0.00015137
0.000152037
0.000152704
0.00015337
0.000154037
0.000154704
0.000155371
0.000156038
0.000156705
0.000157371
0.000158038
0.000158705
0.000159372
0.000160039
0.000160706
0.000161372
0.000162039
0.000162706
0.000163373
0.00016404
0.000164707
0.000165373
0.00016604
0.000166707
0.000167374
0.000168041
0.000168707
0.000169374
0.000170041
0.000170708
0.000171375
0.000172042
0.000172708
0.000173375
0.000174042
0.000174709
0.000175376
0.000176043
0.000176709
0.000177376
0.000178043
0.00017871
0.000179377
0.000180044
0.00018071
0.000181377
0.000182044
0.000182711
0.000183378
0.000184045
0.000184711
0.000185378
0.000186045
0.000186712
0.000187379
0.000188045
0.000188712
0.000189379
0.000190046
0.000190713
0.00019138
0.000192046
0.000192713
0.00019338
0.000194047
0.000194714
0.000195381
0.000196047
0.000196714
0.000197381
0.000198048
0.000198715
0.000199382
0.000200048
0.000200715
0.000201382
0.000202049
0.000202716
0.000203383
0.000204049
0.000204716
0.000205383
0.00020605
0.000206717
0.000207383
0.00020805
0.000208717
0.000209384
0.000210051
0.000210718
0.000211384
0.000212051
0.000212718
0.000213385
0.000214052
0.000214719
0.000215385
0.000216052
0.000216719
0.000217386
0.000218053
0.00021872
0.000219386
0.000220053
0.00022072
0.000221387
0.000222054
0.00022272
0.000223387
0.000224054
0.000224721
0.000225388
0.000226055
0.000226721
0.000227388
0.000228055
0.000228722
0.000229389
0.000230056
0.000230722
0.000231389
0.000232056
0.000232723
0.00023339
0.000234057
0.000234723
0.00023539
0.000236057
0.000236724
0.000237391
0.000238058
0.000238724
0.000239391
0.000240058
0.000240725
0.000241392
0.000242058
0.000242725
0.000243392
0.000244059
0.000244726
0.000245393
0.000246059
0.000246726
0.000247393
0.00024806
0.000248727
0.000249394
0.00025006
0.000250727
0.000251394
0.000252061
0.000252728
0.000253395
0.000254061
0.000254728
0.000255395
0.000256062
0.000256729
0.000257395
0.000258062
0.000258729
0.000259396
0.000260063
0.00026073
0.000261396
0.000262063
0.00026273
0.000263397
0.000264064
0.000264731
0.000265397
0.000266064
0.000266731
0.000267398
0.000268065
0.000268732
0.000269398
0.000270065
0.000270732
0.000271399
0.000272066
0.000272733
0.000273399
0.000274066
0.000274733
0.0002754
0.000276067
0.000276733
0.0002774
0.000278067
0.000278734
0.000279401
0.000280068
0.000280734
0.000281401
0.000282068
0.000282735
0.000283402
0.000284069
0.000284735
0.000285402
0.000286069
0.000286736
0.000287403
0.00028807
0.000288736
0.000289403
0.00029007
0.000290737
0.000291404
0.000292071
0.000292737
0.000293404
0.000294071
0.000294738
0.000295405
0.000296071
0.000296738
0.000297405
0.000298072
0.000298739
0.000299406
0.000300072
0.000300739
0.000301406
0.000302073
0.00030274
0.000303407
0.000304073
0.00030474
0.000305407
0.000306074
0.000306741
0.000307408
0.000308074
0.000308741
0.000309408
0.000310075
0.000310742
0.000311408
0.000312075
0.000312742
0.000313409
0.000314076
0.000314743
0.000315409
0.000316076
0.000316743
0.00031741
0.000318077
0.000318744
0.00031941
0.000320077
0.000320744
0.000321411
0.000322078
0.000322745
0.000323411
0.000324078
0.000324745
0.000325412
0.000326079
0.000326746
0.000327412
0.000328079
0.000328746
0.000329413
0.00033008
0.000330746
0.000331413
0.00033208
0.000332747
0.000333414
0.000334081
0.000334747
0.000335414
0.000336081
0.000336748
0.000337415
0.000338082
0.000338748
0.000339415
0.000340082
0.000340749
0.000341416
0.000342083
0.000342749
0.000343416
0.000344083
0.00034475
0.000345417
0.000346083
0.00034675
0.000347417
0.000348084
0.000348751
0.000349418
0.000350084
0.000350751
0.000351418
0.000352085
0.000352752
0.000353419
0.000354085
0.000354752
0.000355419
0.000356086
0.000356753
0.00035742
0.000358086
0.000358753
0.00035942
0.000360087
0.000360754
0.000361421
0.000362087
0.000362754
0.000363421
0.000364088
0.000364755
0.000365421
0.000366088
0.000366755
0.000367422
0.000368089
0.000368756
0.000369422
0.000370089
0.000370756
0.000371423
0.00037209
0.000372757
0.000373423
0.00037409
0.000374757
0.000375424
0.000376091
0.000376758
0.000377424
0.000378091
0.000378758
0.000379425
0.000380092
0.000380758
0.000381425
0.000382092
0.000382759
0.000383426
0.000384093
0.000384759
0.000385426
0.000386093
0.00038676
0.000387427
0.000388094
0.00038876
0.000389427
0.000390094
0.000390761
0.000391428
0.000392095
0.000392761
0.000393428
0.000394095
0.000394762
0.000395429
0.000396096
0.000396762
0.000397429
0.000398096
0.000398763
0.00039943
0.000400096
0.000400763
0.00040143
0.000402097
0.000402764
0.000403431
0.000404097
0.000404764
0.000405431
0.000406098
0.000406765
0.000407432
0.000408098
0.000408765
0.000409432
0.000410099
0.000410766
0.000411433
0.000412099
0.000412766
0.000413433
0.0004141
0.000414767
0.000415433
0.0004161
0.000416767
0.000417434
0.000418101
0.000418768
0.000419434
0.000420101
0.000420768
0.000421435
0.000422102
0.000422769
0.000423435
0.000424102
0.000424769
0.000425436
0.000426103
0.00042677
0.000427436
0.000428103
0.00042877
0.000429437
0.000430104
0.000430771
0.000431437
0.000432104
0.000432771
0.000433438
0.000434105
0.000434771
0.000435438
0.000436105
0.000436772
0.000437439
0.000438106
0.000438772
0.000439439
0.000440106
0.000440773
0.00044144
0.000442107
0.000442773
0.00044344
0.000444107
0.000444774
0.000445441
0.000446108
0.000446774
0.000447441
0.000448108
0.000448775
0.000449442
0.000450108
0.000450775
0.000451442
0.000452109
0.000452776
0.000453443
0.000454109
0.000454776
0.000455443
0.00045611
0.000456777
0.000457444
0.00045811
0.000458777
0.000459444
0.000460111
0.000460778
0.000461445
0.000462111
0.000462778
0.000463445
0.000464112
0.000464779
0.000465446
0.000466112
0.000466779
0.000467446
0.000468113
0.00046878
0.000469446
0.000470113
0.00047078
0.000471447
0.000472114
0.000472781
0.000473447
0.000474114
0.000474781
0.000475448
0.000476115
0.000476782
0.000477448
0.000478115
0.000478782
0.000479449
0.000480116
0.000480783
0.000481449
0.000482116
0.000482783
0.00048345
0.000484117
0.000484783
0.00048545
0.000486117
0.000486784
0.000487451
0.000488118
0.000488784
0.000489451
0.000490118
0.000490785
0.000491452
0.000492119
0.000492785
0.000493452
0.000494119
0.000494786
0.000495453
0.00049612
0.000496786
0.000497453
0.00049812
0.000498787
0.000499454
0.000500121
0.000500787
0.000501454
0.000502121
0.000502788
0.000503455
0.000504121
0.000504788
0.000505455
0.000506122
0.000506789
0.000507456
0.000508122
0.000508789
0.000509456
0.000510123
0.00051079
0.000511457
0.000512123
0.00051279
0.000513457
0.000514124
0.000514791
0.000515458
0.000516124
0.000516791
0.000517458
0.000518125
0.000518792
0.000519458
0.000520125
0.000520792
0.000521459
0.000522126
0.000522793
0.000523459
0.000524126
0.000524793
0.00052546
0.000526127
0.000526794
0.00052746
0.000528127
0.000528794
0.000529461
0.000530128
0.000530795
0.000531461
0.000532128
0.000532795
0.000533462
0.000534129
0.000534796
0.000535462
0.000536129
0.000536796
0.000537463
0.00053813
0.000538796
0.000539463
0.00054013
0.000540797
0.000541464
0.000542131
0.000542797
0.000543464
0.000544131
0.000544798
0.000545465
0.000546132
0.000546798
0.000547465
0.000548132
0.000548799
0.000549466
0.000550133
0.000550799
0.000551466
0.000552133
0.0005528
0.000553467
0.000554133
0.0005548
0.000555467
0.000556134
0.000556801
0.000557468
0.000558134
0.000558801
0.000559468
0.000560135
0.000560802
0.000561469
0.000562135
0.000562802
0.000563469
0.000564136
0.000564803
0.00056547
0.000566136
0.000566803
0.00056747
0.000568137
0.000568804
0.000569471
0.000570137
0.000570804
0.000571471
0.000572138
0.000572805
0.000573471
0.000574138
0.000574805
0.000575472
0.000576139
0.000576806
0.000577472
0.000578139
0.000578806
0.000579473
0.00058014
0.000580807
0.000581473
0.00058214
0.000582807
0.000583474
0.000584141
0.000584808
0.000585474
0.000586141
0.000586808
0.000587475
0.000588142
0.000588808
0.000589475
0.000590142
0.000590809
0.000591476
0.000592143
0.000592809
0.000593476
0.000594143
0.00059481
0.000595477
0.000596144
0.00059681
0.000597477
0.000598144
0.000598811
0.000599478
0.000600145
0.000600811
0.000601478
0.000602145
0.000602812
0.000603479
0.000604146
0.000604812
0.000605479
0.000606146
0.000606813
0.00060748
0.000608146
0.000608813
0.00060948
0.000610147
0.000610814
0.000611481
0.000612147
0.000612814
0.000613481
0.000614148
0.000614815
0.000615482
0.000616148
0.000616815
0.000617482
0.000618149
0.000618816
0.000619483
0.000620149
0.000620816
0.000621483
0.00062215
0.000622817
0.000623484
0.00062415
0.000624817
0.000625484
0.000626151
0.000626818
0.000627484
0.000628151
0.000628818
0.000629485
0.000630152
0.000630819
0.000631485
0.000632152
0.000632819
0.000633486
0.000634153
0.00063482
0.000635486
0.000636153
0.00063682
0.000637487
0.000638154
0.000638821
0.000639487
0.000640154
0.000640821
0.000641488
0.000642155
0.000642821
0.000643488
0.000644155
0.000644822
0.000645489
0.000646156
0.000646822
0.000647489
0.000648156
0.000648823
0.00064949
0.000650157
0.000650823
0.00065149
0.000652157
0.000652824
0.000653491
0.000654158
0.000654824
0.000655491
0.000656158
0.000656825
0.000657492
0.000658159
0.000658825
0.000659492
0.000660159
0.000660826
0.000661493
0.000662159
0.000662826
0.000663493
0.00066416
0.000664827
0.000665494
0.00066616
0.000666827
0.000667494
0.000668161
0.000668828
0.000669495
0.000670161
0.000670828
0.000671495
0.000672162
0.000672829
0.000673496
0.000674162
0.000674829
0.000675496
0.000676163
0.00067683
0.000677496
0.000678163
0.00067883
0.000679497
0.000680164
0.000680831
0.000681497
0.000682164
0.000682831
0.000683498
0.000684165
0.000684832
0.000685498
0.000686165
0.000686832
0.000687499
0.000688166
0.000688833
0.000689499
0.000690166
0.000690833
0.0006915
0.000692167
0.000692834
0.0006935
0.000694167
0.000694834
0.000695501
0.000696168
0.000696834
0.000697501
0.000698168
0.000698835
0.000699502
0.000700169
0.000700835
0.000701502
0.000702169
0.000702836
0.000703503
0.00070417
0.000704836
0.000705503
0.00070617
0.000706837
0.000707504
0.000708171
0.000708837
0.000709504
0.000710171
0.000710838
0.000711505
0.000712171
0.000712838
0.000713505
0.000714172
0.000714839
0.000715506
0.000716172
0.000716839
0.000717506
0.000718173
0.00071884
0.000719507
0.000720173
0.00072084
0.000721507
0.000722174
0.000722841
0.000723508
0.000724174
0.000724841
0.000725508
0.000726175
0.000726842
0.000727509
0.000728175
0.000728842
0.000729509
0.000730176
0.000730843
0.000731509
0.000732176
0.000732843
0.00073351
0.000734177
0.000734844
0.00073551
0.000736177
0.000736844
0.000737511
0.000738178
0.000738845
0.000739511
0.000740178
0.000740845
0.000741512
0.000742179
0.000742846
0.000743512
0.000744179
0.000744846
0.000745513
0.00074618
0.000746846
0.000747513
0.00074818
0.000748847
0.000749514
0.000750181
0.000750847
0.000751514
0.000752181
0.000752848
0.000753515
0.000754182
0.000754848
0.000755515
0.000756182
0.000756849
0.000757516
0.000758183
0.000758849
0.000759516
0.000760183
0.00076085
0.000761517
0.000762184
0.00076285
0.000763517
0.000764184
0.000764851
0.000765518
0.000766184
0.000766851
0.000767518
0.000768185
0.000768852
0.000769519
0.000770185
0.000770852
0.000771519
0.000772186
0.000772853
0.00077352
0.000774186
0.000774853
0.00077552
0.000776187
0.000776854
0.000777521
0.000778187
0.000778854
0.000779521
0.000780188
0.000780855
0.000781521
0.000782188
0.000782855
0.000783522
0.000784189
0.000784856
0.000785522
0.000786189
0.000786856
0.000787523
0.00078819
0.000788857
0.000789523
0.00079019
0.000790857
0.000791524
0.000792191
0.000792858
0.000793524
0.000794191
0.000794858
0.000795525
0.000796192
0.000796859
0.000797525
0.000798192
0.000798859
0.000799526
0.000800193
0.000800859
0.000801526
0.000802193
0.00080286
0.000803527
0.000804194
0.00080486
0.000805527
0.000806194
0.000806861
0.000807528
0.000808195
0.000808861
0.000809528
0.000810195
0.000810862
0.000811529
0.000812196
0.000812862
0.000813529
0.000814196
0.000814863
0.00081553
0.000816196
0.000816863
0.00081753
0.000818197
0.000818864
0.000819531
0.000820197
0.000820864
0.000821531
0.000822198
0.000822865
0.000823532
0.000824198
0.000824865
0.000825532
0.000826199
0.000826866
0.000827533
0.000828199
0.000828866
0.000829533
0.0008302
0.000830867
0.000831534
0.0008322
0.000832867
0.000833534
0.000834201
0.000834868
0.000835534
0.000836201
0.000836868
0.000837535
0.000838202
0.000838869
0.000839535
0.000840202
0.000840869
0.000841536
0.000842203
0.00084287
0.000843536
0.000844203
0.00084487
0.000845537
0.000846204
0.000846871
0.000847537
0.000848204
0.000848871
0.000849538
0.000850205
0.000850871
0.000851538
0.000852205
0.000852872
0.000853539
0.000854206
0.000854872
0.000855539
0.000856206
0.000856873
0.00085754
0.000858207
0.000858873
0.00085954
0.000860207
0.000860874
0.000861541
0.000862208
0.000862874
0.000863541
0.000864208
0.000864875
0.000865542
0.000866209
0.000866875
0.000867542
0.000868209
0.000868876
0.000869543
0.000870209
0.000870876
0.000871543
0.00087221
0.000872877
0.000873544
0.00087421
0.000874877
0.000875544
0.000876211
0.000876878
0.000877545
0.000878211
0.000878878
0.000879545
0.000880212
0.000880879
0.000881546
0.000882212
0.000882879
0.000883546
0.000884213
0.00088488
0.000885546
0.000886213
0.00088688
0.000887547
0.000888214
0.000888881
0.000889547
0.000890214
0.000890881
0.000891548
0.000892215
0.000892882
0.000893548
0.000894215
0.000894882
0.000895549
0.000896216
0.000896883
0.000897549
0.000898216
0.000898883
0.00089955
0.000900217
0.000900884
0.00090155
0.000902217
0.000902884
0.000903551
0.000904218
0.000904884
0.000905551
0.000906218
0.000906885
0.000907552
0.000908219
0.000908885
0.000909552
0.000910219
0.000910886
0.000911553
0.00091222
0.000912886
0.000913553
0.00091422
0.000914887
0.000915554
0.000916221
0.000916887
0.000917554
0.000918221
0.000918888
0.000919555
0.000920222
0.000920888
0.000921555
0.000922222
0.000922889
0.000923556
0.000924222
0.000924889
0.000925556
0.000926223
0.00092689
0.000927557
0.000928223
0.00092889
0.000929557
0.000930224
0.000930891
0.000931558
0.000932224
0.000932891
0.000933558
0.000934225
0.000934892
0.000935559
0.000936225
0.000936892
0.000937559
0.000938226
0.000938893
0.000939559
0.000940226
0.000940893
0.00094156
0.000942227
0.000942894
0.00094356
0.000944227
0.000944894
0.000945561
0.000946228
0.000946895
0.000947561
0.000948228
0.000948895
0.000949562
0.000950229
0.000950896
0.000951562
0.000952229
0.000952896
0.000953563
0.00095423
0.000954897
0.000955563
0.00095623
0.000956897
0.000957564
0.000958231
0.000958897
0.000959564
0.000960231
0.000960898
0.000961565
0.000962232
0.000962898
0.000963565
0.000964232
0.000964899
0.000965566
0.000966233
0.000966899
0.000967566
0.000968233
0.0009689
0.000969567
0.000970234
0.0009709
0.000971567
0.000972234
0.000972901
0.000973568
0.000974234
0.000974901
0.000975568
0.000976235
0.000976902
0.000977569
0.000978236
0.000978902
0.000979569
0.000980236
0.000980903
0.00098157
0.000982236
0.000982903
0.00098357
0.000984237
0.000984904
0.000985571
0.000986237
0.000986904
0.000987571
0.000988238
0.000988905
0.000989572
0.000990238
0.000990905
0.000991572
0.000992239
0.000992906
0.000993573
0.000994235
0.000994893
0.000995547
0.000996196
0.000996841
0.000997482
0.000998118
0.00099875
0.000999377
0.001

0
-1.3279E-06
-5.3114E-06
-1.195E-05
-2.12428E-05
-3.31888E-05
-4.77866E-05
-6.50345E-05
-8.49305E-05
-0.000107473
-0.000132658
-0.000160484
-0.000190948
-0.000224046
-0.000259775
-0.000298131
-0.00033911
-0.000382707
-0.000428917
-0.000477737
-0.000529159
-0.000583179
-0.00063979
-0.000698986
-0.000760761
-0.000825107
-0.000892018
-0.000961486
-0.0010335
-0.00110806
-0.00118515
-0.00126477
-0.0013469
-0.00143154
-0.00151868
-0.00160831
-0.00170041
-0.00179498
-0.00189201
-0.00199149
-0.0020934
-0.00219774
-0.00230449
-0.00241364
-0.00252518
-0.0026391
-0.00275538
-0.00287401
-0.00299499
-0.00311828
-0.00324389
-0.0033718
-0.00350199
-0.00363445
-0.00376916
-0.00390611
-0.00404529
-0.00418668
-0.00433026
-0.00447601
-0.00462394
-0.004774
-0.0049262
-0.0050805
-0.00523691
-0.00539539
-0.00555593
-0.00571852
-0.00588314
-0.00604976
-0.00621838
-0.00638897
-0.00656151
-0.006736
-0.00691241
-0.00709073
-0.00727094
-0.00745302
-0.00763696
-0.00782274
-0.00801034
-0.00819975
-0.00839095
-0.00858393
-0.00877866
-0.00897514
-0.00917335
-0.00937326
-0.00957487
-0.00977815
-0.0099831
-0.0101897
-0.0103979
-0.0106077
-0.0108191
-0.0110321
-0.0112466
-0.0114627
-0.0116803
-0.0118993
-0.0121199
-0.0123419
-0.0125653
-0.0127902
-0.0130165
-0.0132441
-0.0134732
-0.0137035
-0.0139352
-0.0141681
-0.0144024
-0.0146379
-0.0148746
-0.0151125
-0.0153516
-0.0155918
-0.0158332
-0.0160757
-0.0163192
-0.0165638
-0.0168094
-0.0170561
-0.0173038
-0.0175524
-0.0178021
-0.0180528
-0.0183045
-0.0185572
-0.0188111
-0.0190661
-0.0193223
-0.0195798
-0.0198387
-0.0200991
-0.0203611
-0.0206247
-0.0208901
-0.0211573
-0.0214262
-0.021697
-0.0219694
-0.0222434
-0.0225188
-0.0227952
-0.0230723
-0.0233495
-0.0236265
-0.0239026
-0.0241771
-0.0244494
-0.0247187
-0.0249844
-0.0252458
-0.0255023
-0.0257536
-0.0259992
-0.0262389
-0.0264727
-0.0267007
-0.0269232
-0.0271407
-0.0273539
-0.0275634
-0.0277703
-0.0279754
-0.0281798
-0.0283845
-0.0285906
-0.028799
-0.0290108
-0.0292267
-0.0294476
-0.0296742
-0.0299071
-0.0301468
-0.0303937
-0.0306484
-0.0309111
-0.0311821
-0.0314617
-0.0317502
-0.0320476
-0.0323541
-0.0326698
-0.0329946
-0.0333284
-0.033671
-0.0340222
-0.0343814
-0.0347481
-0.0351218
-0.0355016
-0.0358869
-0.0362767
-0.0366703
-0.0370667
-0.037465
-0.0378646
-0.0382646
-0.0386644
-0.0390634
-0.039461
-0.0398568
-0.0402503
-0.0406414
-0.0410296
-0.0414147
-0.0417964
-0.0421746
-0.0425489
-0.0429192
-0.0432852
-0.0436466
-0.0440032
-0.0443546
-0.0447005
-0.0450407
-0.0453749
-0.0457028
-0.046024
-0.0463384
-0.0466456
-0.0469453
-0.0472375
-0.0475217
-0.0477979
-0.0480657
-0.048325
-0.0485756
-0.0488173
-0.04905
-0.0492734
-0.0494875
-0.0496921
-0.0498872
-0.0500726
-0.0502483
-0.0504143
-0.0505705
-0.0507171
-0.050854
-0.0509813
-0.051099
-0.0512072
-0.0513061
-0.0513956
-0.0514759
-0.0515471
-0.0516092
-0.0516624
-0.0517068
-0.0517425
-0.0517697
-0.0517885
-0.0517992
-0.0518019
-0.0517969
-0.0517845
-0.051765
-0.0517387
-0.0517059
-0.0516668
-0.0516218
-0.0515712
-0.0515152
-0.051454
-0.0513878
-0.0513167
-0.051241
-0.0511607
-0.0510759
-0.0509867
-0.0508931
-0.0507952
-0.050693
-0.0505867
-0.0504762
-0.0503617
-0.0502432
-0.0501207
-0.0499944
-0.0498642
-0.0497304
-0.049593
-0.049452
-0.0493078
-0.0491602
-0.0490097
-0.0488563
-0.0487003
-0.0485419
-0.0483813
-0.048219
-0.0480551
-0.04789
-0.047724
-0.0475575
-0.0473906
-0.0472237
-0.0470571
-0.0468909
-0.0467255
-0.0465609
-0.0463975
-0.0462353
-0.0460744
-0.0459151
-0.0457575
-0.0456016
-0.0454475
-0.0452954
-0.0451453
-0.0449973
-0.0448515
-0.0447079
-0.0445667
-0.0444278
-0.0442915
-0.0441577
-0.0440267
-0.0438985
-0.0437734
-0.0436516
-0.0435332
-0.0434186
-0.0433078
-0.0432013
-0.0430991
-0.0430014
-0.0429084
-0.0428202
-0.0427367
-0.0426581
-0.0425841
-0.0425147
-0.0424499
-0.0423893
-0.042333
-0.0422808
-0.0422325
-0.0421882
-0.0421478
-0.0421112
-0.0420787
-0.0420502
-0.0420258
-0.0420057
-0.04199
-0.0419788
-0.0419722
-0.0419704
-0.0419733
-0.0419812
-0.041994
-0.042012
-0.042035
-0.0420633
-0.0420969
-0.0421359
-0.0421804
-0.0422305
-0.0422863
-0.0423478
-0.042415
-0.0424881
-0.0425669
-0.0426515
-0.0427418
-0.0428376
-0.042939
-0.0430459
-0.043158
-0.0432755
-0.0433982
-0.0435261
-0.0436591
-0.0437972
-0.0439405
-0.044089
-0.0442426
-0.0444014
-0.0445653
-0.0447344
-0.0449085
-0.0450876
-0.0452716
-0.0454604
-0.0456539
-0.0458519
-0.0460542
-0.0462608
-0.0464714
-0.046686
-0.0469044
-0.0471265
-0.0473524
-0.0475818
-0.0478148
-0.0480513
-0.0482914
-0.0485351
-0.0487824
-0.0490332
-0.0492875
-0.0495455
-0.0498069
-0.0500718
-0.0503401
-0.0506118
-0.0508868
-0.0511651
-0.0514466
-0.0517313
-0.0520192
-0.0523104
-0.0526046
-0.0529021
-0.0532026
-0.0535063
-0.053813
-0.0541226
-0.0544351
-0.0547503
-0.0550681
-0.0553882
-0.0557106
-0.0560351
-0.0563616
-0.0566899
-0.05702
-0.0573518
-0.0576853
-0.0580205
-0.0583575
-0.0586962
-0.0590368
-0.0593792
-0.0597235
-0.0600696
-0.0604175
-0.0607671
-0.0611183
-0.0614709
-0.0618248
-0.0621798
-0.0625357
-0.0628923
-0.0632494
-0.063607
-0.063965
-0.0643231
-0.0646814
-0.0650399
-0.0653984
-0.0657569
-0.0661154
-0.0664736
-0.0668316
-0.0671891
-0.0675459
-0.0679018
-0.0682567
-0.0686102
-0.0689622
-0.0693124
-0.0696606
-0.0700067
-0.0703506
-0.0706921
-0.0710312
-0.0713678
-0.071702
-0.0720337
-0.072363
-0.0726899
-0.0730146
-0.0733369
-0.0736571
-0.0739751
-0.074291
-0.0746049
-0.0749168
-0.0752267
-0.0755348
-0.075841
-0.0761456
-0.0764486
-0.0767501
-0.0770503
-0.0773492
-0.0776469
-0.0779435
-0.0782392
-0.0785337
-0.0788272
-0.0791196
-0.0794107
-0.0797004
-0.0799884
-0.0802746
-0.0805586
-0.0808402
-0.0811191
-0.081395
-0.0816674
-0.0819362
-0.0822008
-0.082461
-0.0827163
-0.0829664
-0.0832108
-0.0834491
-0.0836809
-0.0839057
-0.0841233
-0.0843331
-0.0845349
-0.0847283
-0.084913
-0.0850888
-0.0852556
-0.0854132
-0.0855617
-0.0857011
-0.0858314
-0.0859527
-0.0860653
-0.0861694
-0.0862651
-0.0863528
-0.0864325
-0.0865047
-0.0865696
-0.0866273
-0.0866782
-0.0867225
-0.0867605
-0.0867925
-0.0868187
-0.0868394
-0.0868551
-0.086866
-0.0868724
-0.0868747
-0.0868733
-0.0868683
-0.0868602
-0.086849
-0.0868351
-0.0868186
-0.0867995
-0.0867781
-0.0867544
-0.0867284
-0.0867001
-0.0866696
-0.086637
-0.0866021
-0.0865652
-0.0865261
-0.0864851
-0.0864421
-0.0863972
-0.0863504
-0.0863018
-0.0862513
-0.0861989
-0.0861446
-0.0860882
-0.0860296
-0.0859685
-0.0859049
-0.0858384
-0.0857689
-0.085696
-0.0856194
-0.0855389
-0.0854541
-0.0853648
-0.0852705
-0.0851709
-0.0850656
-0.0849543
-0.0848365
-0.0847119
-0.0845799
-0.0844402
-0.0842923
-0.0841359
-0.0839706
-0.0837961
-0.083612
-0.0834182
-0.0832143
-0.0830003
-0.082776
-0.0825413
-0.0822962
-0.0820406
-0.0817746
-0.0814981
-0.0812111
-0.0809139
-0.0806062
-0.0802883
-0.0799601
-0.0796217
-0.0792731
-0.0789144
-0.0785456
-0.0781667
-0.0777779
-0.0773792
-0.0769707
-0.0765525
-0.0761248
-0.0756879
-0.0752418
-0.0747868
-0.0743233
-0.0738514
-0.0733715
-0.0728838
-0.0723886
-0.0718862
-0.0713769
-0.0708608
-0.0703383
-0.0698095
-0.0692745
-0.0687336
-0.068187
-0.0676347
-0.067077
-0.066514
-0.0659458
-0.0653727
-0.0647949
-0.0642125
-0.0636258
-0.0630351
-0.0624406
-0.0618426
-0.0612415
-0.0606374
-0.0600307
-0.0594216
-0.0588103
-0.058197
-0.057582
-0.0569653
-0.056347
-0.0557273
-0.0551062
-0.0544837
-0.05386
-0.0532352
-0.0526093
-0.0519826
-0.0513553
-0.0507275
-0.0500996
-0.049472
-0.0488449
-0.0482187
-0.0475937
-0.0469704
-0.0463489
-0.0457296
-0.0451127
-0.0444983
-0.0438866
-0.0432776
-0.0426714
-0.0420679
-0.041467
-0.0408687
-0.0402729
-0.0396795
-0.0390884
-0.0384995
-0.0379127
-0.037328
-0.0367454
-0.0361648
-0.0355863
-0.0350097
-0.0344352
-0.0338626
-0.033292
-0.0327232
-0.0321563
-0.0315911
-0.0310275
-0.0304654
-0.0299046
-0.029345
-0.0287864
-0.0282288
-0.027672
-0.0271159
-0.0265605
-0.0260057
-0.0254514
-0.0248977
-0.0243446
-0.023792
-0.0232399
-0.0226884
-0.0221373
-0.0215867
-0.0210364
-0.0204863
-0.0199364
-0.0193865
-0.0188365
-0.0182861
-0.0177353
-0.017184
-0.0166321
-0.0160793
-0.0155258
-0.0149715
-0.0144163
-0.0138602
-0.0133034
-0.0127458
-0.0121874
-0.0116284
-0.0110688
-0.0105085
-0.00994772
-0.00938632
-0.00882433
-0.00826173
-0.00769845
-0.00713444
-0.00656962
-0.0060039
-0.00543716
-0.00486931
-0.00430023
-0.00372981
-0.00315792
-0.00258447
-0.00200936
-0.00143249
-0.000853799
-0.000273233
0.000309239
0.000893625
0.00147991
0.00206804
0.00265795
0.00324955
0.00384272
0.00443733
0.00503324
0.0056303
0.00622835
0.00682725
0.00742686
0.00802707
0.00862775
0.00922884
0.00983024
0.0104319
0.0110338
0.0116359
0.0122381
0.0128405
0.0134429
0.0140453
0.0146476
0.0152498
0.0158517
0.0164533
0.0170544
0.0176549
0.0182547
0.0188535
0.0194513
0.0200479
0.0206432
0.0212369
0.0218289
0.022419
0.023007
0.0235928
0.024176
0.0247564
0.0253339
0.0259081
0.0264787
0.0270454
0.0276081
0.0281663
0.0287198
0.0292683
0.0298115
0.0303492
0.0308811
0.0314069
0.0319265
0.0324395
0.0329458
0.0334452
0.0339375
0.0344225
0.0349001
0.0353703
0.0358328
0.0362878
0.0367351
0.0371749
0.037607
0.0380316
0.0384488
0.0388585
0.0392609
0.0396561
0.040044
0.0404246
0.0407981
0.0411643
0.0415231
0.0418745
0.0422184
0.0425546
0.0428829
0.0432033
0.0435155
0.0438194
0.0441147
0.0444014
0.0446791
0.0449479
0.0452075
0.0454576
0.0456982
0.0459291
0.04615
0.0463607
0.0465612
0.0467511
0.0469304
0.0470987
0.0472559
0.0474018
0.0475362
0.0476588
0.0477696
0.0478683
0.0479547
0.0480287
0.04809
0.0481385
0.048174
0.0481965
0.0482058
0.0482018
0.0481846
0.0481541
0.0481105
0.0480536
0.0479837
0.0479009
0.0478053
0.0476971
0.0475764
0.0474435
0.0472984
0.0471414
0.0469726
0.0467922
0.0466003
0.0463971
0.0461828
0.0459574
0.0457214
0.0454748
0.0452178
0.0449507
0.0446738
0.0443873
0.0440914
0.0437864
0.0434726
0.0431502
0.0428193
0.0424804
0.0421335
0.0417788
0.0414167
0.0410472
0.0406705
0.040287
0.0398966
0.0394997
0.0390964
0.0386869
0.0382713
0.0378498
0.0374225
0.0369894
0.0365507
0.0361065
0.0356567
0.0352013
0.0347403
0.0342737
0.0338012
0.0333228
0.0328382
0.0323473
0.0318499
0.0313457
0.0308345
0.030316
0.02979
0.0292562
0.0287144
0.0281645
0.0276063
0.0270396
0.0264642
0.0258802
0.0252874
0.0246858
0.0240753
0.023456
0.0228278
0.0221908
0.021545
0.0208905
0.0202273
0.0195556
0.0188756
0.0181873
0.0174911
0.0167871
0.0160756
0.0153569
0.0146314
0.0138994
0.0131613
0.0124174
0.0116681
0.0109139
0.0101552
0.00939223
0.00862549
0.00785532
0.00708209
0.00630615
0.00552787
0.00474759
0.00396566
0.00318243
0.00239824
0.00161345
0.000828382
4.33922E-05
-0.000741187
-0.00152503
-0.00230783
-0.00308927
-0.00386908
-0.00464699
-0.00542276
-0.00619614
-0.00696694
-0.00773495
-0.00849998
-0.00926188
-0.0100205
-0.0107756
-0.0115272
-0.0122751
-0.0130192
-0.0137594
-0.0144955
-0.0152277
-0.0159557
-0.0166796
-0.0173993
-0.0181148
-0.0188262
-0.0195334
-0.0202364
-0.0209353
-0.02163
-0.0223205
-0.0230068
-0.0236889
-0.0243667
-0.0250402
-0.0257093
-0.026374
-0.0270342
-0.02769
-0.0283412
-0.0289879
-0.02963
-0.0302676
-0.0309007
-0.0315293
-0.0321535
-0.0327734
-0.033389
-0.0340005
-0.034608
-0.0352116
-0.0358114
-0.0364077
-0.0370004
-0.0375899
-0.0381763
-0.0387597
-0.0393403
-0.0399183
-0.0404938
-0.0410669
-0.0416378
-0.0422066
-0.0427734
-0.0433383
-0.0439014
-0.0444628
-0.0450226
-0.0455808
-0.0461375
-0.0466927
-0.0472465
-0.047799
-0.0483501
-0.0488999
-0.0494484
-0.0499956
-0.0505416
-0.0510863
-0.0516298
-0.0521721
-0.052713
-0.0532526
-0.0537909
-0.0543277
-0.0548631
-0.0553969
-0.055929
-0.0564594
-0.0569879
-0.0575143
-0.0580386
-0.0585606
-0.05908
-0.0595968
-0.0601107
-0.0606216
-0.0611294
-0.0616339
-0.0621349
-0.0626323
-0.063126
-0.0636159
-0.0641019
-0.0645839
-0.0650617
-0.0655354
-0.0660048
-0.0664698
-0.0669305
-0.0673866
-0.0678382
-0.0682852
-0.0687274
-0.069165
-0.0695977
-0.0700255
-0.0704484
-0.0708663
-0.0712791
-0.0716867
-0.0720891
-0.0724862
-0.0728779
-0.0732641
-0.0736447
-0.0740196
-0.0743886
-0.0747518
-0.0751089
-0.07546
-0.0758049
-0.0761435
-0.0764758
-0.0768018
-0.0771213
-0.0774343
-0.0777407
-0.0780405
-0.0783337
-0.0786201
-0.0788998
-0.0791727
-0.0794388
-0.079698
-0.0799505
-0.0801962
-0.0804352
-0.0806677
-0.0808938
-0.0811135
-0.0813272
-0.081535
-0.0817371
-0.0819338
-0.0821251
-0.0823113
-0.0824926
-0.0826691
-0.0828409
-0.0830081
-0.0831708
-0.0833291
-0.0834828
-0.0836322
-0.0837772
-0.0839178
-0.0840539
-0.0841858
-0.0843133
-0.0844364
-0.0845553
-0.0846701
-0.0847807
-0.0848872
-0.0849898
-0.0850886
-0.0851836
-0.0852751
-0.0853632
-0.085448
-0.0855297
-0.0856085
-0.0856846
-0.0857582
-0.0858294
-0.0858986
-0.0859658
-0.0860313
-0.0860954
-0.0861582
-0.0862199
-0.0862808
-0.086341
-0.0864007
-0.0864602
-0.0865197
-0.0865793
-0.0866392
-0.0866996
-0.0867608
-0.0868229
-0.086886
-0.0869504
-0.0870162
-0.0870836
-0.0871527
-0.0872236
-0.0872965
-0.0873715
-0.0874486
-0.0875278
-0.0876093
-0.087693
-0.0877788
-0.0878669
-0.087957
-0.0880493
-0.0881436
-0.0882399
-0.0883381
-0.0884383
-0.0885403
-0.0886443
-0.08875
-0.0888577
-0.0889672
-0.0890785
-0.0891916
-0.0893064
-0.089423
-0.0895411
-0.0896608
-0.0897818
-0.089904
-0.0900273
-0.0901515
-0.0902764
-0.0904019
-0.0905277
-0.0906538
-0.0907799
-0.0909059
-0.0910318
-0.0911574
-0.0912826
-0.0914074
-0.0915316
-0.0916553
-0.0917783
-0.0919007
-0.0920223
-0.0921432
-0.0922633
-0.0923827
-0.0925013
-0.0926191
-0.0927361
-0.0928525
-0.0929682
-0.0930832
-0.0931977
-0.0933117
-0.0934252
-0.0935383
-0.0936509
-0.0937632
-0.093875
-0.0939865
-0.0940975
-0.0942079
-0.0943178
-0.094427
-0.0945353
-0.0946428
-0.0947492
-0.0948544
-0.0949583
-0.0950607
-0.0951614
-0.0952602
-0.095357
-0.0954515
-0.0955436
-0.0956329
-0.0957193
-0.0958025
-0.0958822
-0.0959581
-0.09603
-0.0960974
-0.0961601
-0.0962178
-0.0962701
-0.0963166
-0.0963571
-0.096391
-0.0964182
-0.0964382
-0.0964508
-0.0964556
-0.0964524
-0.0964408
-0.0964207
-0.0963919
-0.0963543
-0.0963077
-0.096252
-0.0961873
-0.0961136
-0.0960308
-0.0959391
-0.0958386
-0.0957293
-0.0956116
-0.0954854
-0.0953511
-0.0952088
-0.0950587
-0.094901
-0.094736
-0.0945638
-0.0943848
-0.094199
-0.0940067
-0.0938081
-0.0936035
-0.093393
-0.0931768
-0.0929552
-0.0927283
-0.0924964
-0.0922597
-0.0920183
-0.0917725
-0.0915224
-0.0912682
-0.0910101
-0.0907483
-0.0904828
-0.0902139
-0.0899417
-0.0896662
-0.0893875
-0.0891057
-0.088821
-0.0885334
-0.0882429
-0.0879496
-0.0876535
-0.0873549
-0.0870536
-0.0867499
-0.0864436
-0.086135
-0.0858239
-0.0855106
-0.0851949
-0.0848768
-0.0845565
-0.0842338
-0.0839088
-0.0835813
-0.0832514
-0.082919
-0.0825841
-0.0822466
-0.0819065
-0.0815637
-0.0812182
-0.0808701
-0.0805192
-0.0801656
-0.0798093
-0.0794502
-0.0790884
-0.0787239
-0.0783565
-0.0779865
-0.0776136
-0.0772378
-0.0768592
-0.0764776
-0.076093
-0.0757053
-0.0753145
-0.0749204
-0.074523
-0.0741222
-0.0737179
-0.07331
-0.0728986
-0.0724835
-0.0720647
-0.0716422
-0.071216
-0.0707862
-0.0703527
-0.0699156
-0.069475
-0.0690309
-0.0685836
-0.0681329
-0.0676792
-0.0672224
-0.0667628
-0.0663004
-0.0658354
-0.065368
-0.0648983
-0.0644264
-0.0639524
-0.0634765
-0.0629987
-0.0625193
-0.0620383
-0.0615558
-0.061072
-0.0605869
-0.0601007
-0.0596134
-0.0591253
-0.0586363
-0.0581467
-0.0576566
-0.0571662
-0.0566755
-0.0561848
-0.0556941
-0.0552037
-0.0547137
-0.0542243
-0.0537356
-0.0532477
-0.0527608
-0.052275
-0.0517905
-0.0513074
-0.0508257
-0.0503458
-0.0498675
-0.0493911
-0.0489167
-0.0484442
-0.0479738
-0.0475055
-0.0470393
-0.0465753
-0.0461133
-0.0456534
-0.0451956
-0.0447397
-0.0442857
-0.0438335
-0.043383
-0.0429343
-0.0424871
-0.0420415
-0.0415974
-0.0411548
-0.0407137
-0.0402739
-0.0398356
-0.0393987
-0.0389632
-0.0385289
-0.038096
-0.0376643
-0.0372337
-0.0368042
-0.0363756
-0.0359479
-0.0355209
-0.0350945
-0.0346685
-0.0342427
-0.0338171
-0.0333914
-0.0329655
-0.0325393
-0.0321126
-0.0316852
-0.0312569
-0.0308276
-0.0303971
-0.0299652
-0.0295317
-0.0290964
-0.028659
-0.0282193
-0.027777
-0.027332
-0.026884
-0.0264328
-0.025978
-0.0255197
-0.0250574
-0.0245912
-0.0241208
-0.0236461
-0.0231671
-0.0226837
-0.0221959
-0.0217036
-0.0212069
-0.0207058
-0.0202004
-0.0196908
-0.019177
-0.0186591
-0.0181374
-0.0176118
-0.0170825
-0.0165497
-0.0160135
-0.0154741
-0.0149314
-0.0143858
-0.0138372
-0.0132858
-0.0127317
-0.0121748
-0.0116153
-0.0110531
-0.0104883
-0.00992087
-0.00935081
-0.0087781
-0.00820275
-0.00762854
-0.00705553
-0.00648379
-0.00591338
-0.0053444
-0.00477691
-0.00421102
-0.00364682
-0.00308442
-0.0025239
